SRR13258790.207248	CP135021.1	236	236	1	236	9.92e-116	431	1470492
SRR13258790.228620	CP135021.1	325	324	1	324	8.02e-163	588	1470492
SRR13258790.562451	CP135021.1	364	364	1	364	0.0	667	1470492
SRR13258790.47912	CP135021.1	204	203	1	203	8.56e-96	364	1470492
SRR13258790.162739	XM_008180305.1	209	210	1	209	3.24e-85	329	7029
SRR13258790.140024	CP135018.1	206	204	1	204	5.19e-93	355	1470492
SRR13258790.549722	CP135021.1	362	362	1	362	0.0	664	1470492
SRR13258790.122160	CP135022.1	206	206	1	206	4.03e-99	375	1470492
SRR13258790.527505	CP135018.1	248	244	1	244	6.21e-113	422	1470492
SRR13258790.224017	CP135021.1	283	283	1	283	5.55e-134	492	1470492
SRR13258790.706515	CP135021.1	223	221	1	221	1.20e-104	394	1470492
SRR13258790.649047	OZ344019.1	200	216	1	200	4.39e-74	292	511033
SRR13258790.664652	CP135018.1	205	204	1	203	1.11e-94	361	1470492
SRR13258790.472776	CP135018.1	245	244	1	244	1.71e-118	440	1470492
SRR13258790.145920	CP135021.1	250	250	1	250	8.15e-122	451	1470492
SRR13258790.197815	CP135021.1	296	296	1	296	9.57e-147	534	1470492
SRR13258790.273496	CP135021.1	265	265	1	265	4.00e-130	479	1470492
SRR13258790.151519	CP135018.1	319	318	1	316	2.87e-152	553	1470492
SRR13258790.153078	CP135018.1	309	308	1	308	5.94e-154	558	1470492
